Id,1,2,3
0,0.9992799218322618,0.0006508226229189432,6.92555448194382e-05
1,0.9992799218322618,0.0006508226229189432,6.92555448194382e-05
2,0.9992799218322618,0.0006508226229189432,6.92555448194382e-05
3,0.9998311901446538,0.00015882472541711303,9.985129929293705e-06
4,0.9997892586314875,0.0001975960462819691,1.3145322230274368e-05
5,0.9998376783025856,0.00014694960489652288,1.537209251792605e-05
6,0.9998159111675059,0.00016652178732231814,1.7567045171819887e-05
7,0.999943981917962,5.0433803176302874e-05,5.584278861696313e-06
8,0.9999438841435899,5.022769539936893e-05,5.888161010512705e-06
9,0.9997279953134895,0.0002513481597599447,2.0656526750338636e-05
10,0.9999201938138597,7.083813498406307e-05,8.968051156317668e-06
11,0.9998292862331929,0.00015229591967734816,1.841784712989616e-05
12,0.9999261350360615,6.911637215151901e-05,4.748591786974612e-06
13,0.9998869176519077,0.00010689178777735624,6.190560314779479e-06
14,0.9999307412657678,6.391058215651697e-05,5.348152075642428e-06
15,0.9999316465285852,6.1003345380766574e-05,7.3501260341302884e-06
16,0.9999951694870568,3.23479530522564e-06,1.595717638188613e-06
17,0.9999545437161348,3.654981672127504e-05,8.906467144035101e-06
18,0.9999717236562046,2.3974668036164832e-05,4.301675759261057e-06
19,0.9999758746944689,1.2863240594655044e-05,1.1262064936460648e-05
20,0.9999810602048176,1.2054097043234507e-05,6.885698139165674e-06
21,0.999984588231803,1.2159125849856884e-05,3.2526423471257073e-06
22,0.9998776048548259,9.528754838967823e-05,2.7107596784390304e-05
23,0.9854201399706947,0.012204915867433112,0.002374944161872091
24,0.9800594160420396,0.016694408081165152,0.0032461758767953074
25,0.9826497061199956,0.014923890581522872,0.0024264032984814775
26,0.9637044055250218,0.029474402292779867,0.006821192182198508
27,0.9767253596867052,0.016117586503422363,0.007157053809872596
28,0.9970281817757898,0.002416836768502942,0.0005549814557074155
29,0.999571113166909,0.00032242444517336386,0.00010646238791753418
30,0.9998317449740414,0.0001295354176128511,3.8719608345617255e-05
31,0.9997753868739648,0.00017459024814474035,5.002287789023227e-05
32,0.9993410286433586,0.0005318461225756317,0.0001271252340656652
33,0.9903400196166302,0.006487814640951956,0.0031721657424178184
34,0.986978919447084,0.00961681555518917,0.0034042649977266744
35,0.99241775895988,0.005824610143732055,0.0017576308963880467
36,0.9907448043514806,0.007465442697008882,0.0017897529515106053
37,0.9833037164714244,0.0033181108576008085,0.013378172670974641
38,0.9946608614494897,0.002146144627306629,0.0031929939232035595
39,0.9980762380878077,0.0014630299308382862,0.00046073198135413823
40,0.9986235994065497,0.0009315527520559537,0.0004448478413941922
41,0.9999499012238022,4.073472925096284e-05,9.364046946690513e-06
42,0.9998749673370066,0.00010483876288679607,2.019390010658083e-05
43,0.9919097093910151,0.007900977180794822,0.00018931342819009483
44,0.9667338456409759,0.031298608843230415,0.0019675455157935865
45,0.9121666257526355,0.08433481993844434,0.0034985543089204106
46,0.9335718396200953,0.06404738365740148,0.0023807767225032853
47,0.9543017839996125,0.04301242400918532,0.0026857919912021467
48,0.9929667972523015,0.006512011283378445,0.000521191464319956
49,0.9965900802708494,0.0031654473707008104,0.00024447235844995816
50,0.9997395355253349,0.0002315227496450355,2.894172502019194e-05
51,0.9996842073456733,0.00026310579739140293,5.26868569352131e-05
52,0.99994841299131,4.005308511411987e-05,1.1533923576054862e-05
53,0.9996418388034809,0.0002886315386633459,6.952965785557933e-05
54,0.9997140763197154,0.0002386461723537976,4.72775079309673e-05
55,0.9997041962216248,0.0002432453979053883,5.255838046997882e-05
56,0.998706828638969,0.0010684662000078442,0.0002247051610230285
57,0.9972504100669335,0.002272270433702177,0.0004773194993643416
58,0.998935858511893,0.0008136863393162749,0.00025045514879070243
59,0.9984983867624962,0.0005311448683404174,0.0009704683691632778
60,0.9988254969112277,0.0006988237387102862,0.00047567935006202354
61,0.9993101546014413,0.0003479615644814469,0.00034188383407728317
62,0.9994601558576091,0.0003910729792947552,0.00014877116309616945
63,0.9997801511698574,0.00018767422972098183,3.2174600421582476e-05
64,0.9998341506421282,0.00014275733730231865,2.3092020569378583e-05
65,0.9999503716832917,3.739958209191644e-05,1.222873461613276e-05
66,0.9999100315908069,5.7678598123598e-05,3.228981106936448e-05
67,0.999955483258386,3.248509772389085e-05,1.2031643890130686e-05
68,0.999882384542102,8.445529896958385e-05,3.316015892839233e-05
69,0.998942517995363,0.0009741198760983151,8.336212853860776e-05
70,0.999063094871511,0.0008252900643324456,0.00011161506415652677
71,0.998270844101823,0.0015081592199883166,0.00022099667818859133
72,0.9982617302912243,0.0015696454772300577,0.00016862423154558292
73,0.9972393642315933,0.0024221330269245007,0.0003385027414820839
74,0.99960506404407,0.00028304525119555426,0.00011189070473450517
75,0.9987955160894025,0.000941407599611721,0.0002630763109858196
76,0.999437200855725,0.00044532875127817106,0.00011747039299709844
77,0.9997859529531712,0.0001366350527528236,7.741199407580016e-05
78,0.9998776392474439,9.97809479560611e-05,2.257980460006625e-05
79,0.9999102216649411,5.3435426601102445e-05,3.6342908457684064e-05
80,0.9997899867152309,0.00018459290159514102,2.5420383173910055e-05
81,0.9996812328794823,0.0003064566661290473,1.2310454388661985e-05
82,0.9998274420386004,0.00015753157082987329,1.5026390569993962e-05
83,0.9998746966990084,0.00011521786405408252,1.008543693730113e-05
84,0.9995844331186517,0.0003981330699309725,1.7433811417181815e-05
85,0.9999640607386898,3.412184937547527e-05,1.8174119346606851e-06
86,0.9999578933630809,3.757253079547478e-05,4.534106123831167e-06
87,0.9998893399256195,9.72362137872588e-05,1.342386059334026e-05
88,0.9999557228693388,3.353698579471561e-05,1.0740144866500388e-05
89,0.9999741979964704,2.069674386584049e-05,5.105259663793882e-06
90,0.9999956020367319,3.6619410090814173e-06,7.360222589655087e-07
91,0.9999946281324292,4.684500634666916e-06,6.873669362971451e-07
92,0.9999905554557079,8.444727123882578e-06,9.9981716846082e-07
93,0.9999899574883032,8.11270552732825e-06,1.929806169398561e-06
94,0.9998264515126375,0.00011654511451997944,5.700337284237227e-05
95,0.9994009200219564,0.0005021493748274175,9.693060321589452e-05
96,0.9992626447451007,0.0006344416540685389,0.00010291360083088877
97,0.9991296513810638,0.000714820256433632,0.00015552836250258255
98,0.9954310260446232,0.003115293720279724,0.0014536802350970423
99,0.9959012643829066,0.003359412354493626,0.0007393232625996551
100,0.9869577239357896,0.010592522036412508,0.0024497540277979386
101,0.9842337618359771,0.00930628491823644,0.006459953245786595
102,0.9458716547028468,0.008121298354572377,0.04600704694258074
103,0.998229853687556,0.0012949417715566098,0.00047520454088744753
104,0.9963933224451526,0.0018436479663700577,0.0017630295884774592
105,0.9991251448408858,0.0005855848027561477,0.000289270356357909
106,0.9993365709286803,0.0004552825352636289,0.00020814653605594294
107,0.9998032872541025,0.00015757938212109155,3.913336377656968e-05
108,0.9989991571011054,0.0005910149514306305,0.0004098279474640402
109,0.9979308609674469,0.0018426066397363966,0.0002265323928166863
110,0.9991322313518375,0.0007308791594399664,0.0001368894887225898
111,0.9989519315624695,0.0008102846443709378,0.00023778379315962203
112,0.9979085951263179,0.0017704942284324915,0.0003209106452493375
113,0.9984442899358381,0.0013622836960592954,0.00019342636810257182
114,0.9993640754282536,0.0004525639204455068,0.00018336065130109642
115,0.9989355545665403,0.000989307753191147,7.513768026836396e-05
116,0.9984994690873708,0.001368372125862897,0.0001321587867664071
117,0.9989572128452863,0.00015015774792714922,0.0008926294067865322
118,0.9998437961044215,5.440015511564227e-05,0.0001018037404629089
119,0.9999220240578334,5.028313047472746e-05,2.7692811691980626e-05
120,0.999895078632699,9.773352766127667e-05,7.187839639599736e-06
121,0.9999900333900793,7.255765255457417e-06,2.710844665364084e-06
122,0.9999873772452123,1.1819646689425918e-05,8.031080982473494e-07
123,0.9999859940902897,1.3477972726728492e-05,5.279369835330877e-07
124,0.9999457120514051,5.345371631046269e-05,8.342322842004542e-07
125,0.9999732064482708,2.501448027674759e-05,1.7790714525314294e-06
126,0.999900019778529,9.793950033964379e-05,2.040721131520516e-06
127,0.9996469590481808,0.00034914829395034727,3.892657868800016e-06
128,0.9998683708098004,0.0001292814881411226,2.3477020582258804e-06
129,0.9998961107547774,9.935316835142816e-05,4.536076871017288e-06
130,0.9999366430414337,6.063066857823367e-05,2.7262899878116247e-06
131,0.9999043951799937,9.302275446041617e-05,2.5820655459007175e-06
132,0.9999934617332225,5.866794043866538e-06,6.714727336408295e-07
133,0.9999901067695034,9.33450568524628e-06,5.587248113634185e-07
134,0.9999680595917265,3.104166968987956e-05,8.98738583677706e-07
135,0.9999706433653135,2.8835622399742054e-05,5.210122867907265e-07
136,0.9999085197837232,8.776365656282805e-05,3.716559714165835e-06
137,0.9999623007658847,3.3059119084581954e-05,4.640115030929089e-06
138,0.9998700601183428,0.00011904377027649364,1.0896111380679857e-05
139,0.9983184262261275,0.001641415429013899,4.0158344858633536e-05
140,0.9984349146822853,0.0015005063169478139,6.457900076699823e-05
141,0.999733436416511,0.0002192945713646928,4.726901212421037e-05
142,0.9997715917868712,0.00021933360984145514,9.074603287198551e-06
143,0.9998865448920577,0.00010631124214315094,7.1438657991262634e-06
144,0.9999286783739644,6.723923879759612e-05,4.082387237892504e-06
145,0.9998734278655768,0.00011906255593279782,7.5095784901200624e-06
146,0.9997623676410956,0.00022471782720131893,1.2914531702941726e-05
147,0.9996465968263332,0.00033291011563794747,2.0493058028914266e-05
148,0.9999241042038431,6.696209370379491e-05,8.933702453238132e-06
149,0.9999426386479078,5.0598885537551415e-05,6.762466554555175e-06
150,0.9999726065628485,2.2823023798158998e-05,4.5704133532504075e-06
151,0.9999649024535275,2.9459435662785548e-05,5.638110809487979e-06
152,0.9999054619755314,9.191126368494852e-05,2.6267607835940375e-06
153,0.9998915993631098,9.698862071300203e-05,1.1412016177259756e-05
154,0.9996877568625039,0.00026796000274101496,4.4283134755192034e-05
155,0.9996909715981509,0.00026705329670012465,4.1975105148933e-05
156,0.9998203126795623,0.00014201261056064337,3.7674709876905236e-05
157,0.999963950091865,2.9813737410223782e-05,6.2361707246069565e-06
158,0.999992194455513,6.346956765397097e-06,1.458587721508876e-06
159,0.9999916559866011,6.456670198670353e-06,1.8873432001982385e-06
160,0.9999884392922992,7.424325890183233e-06,4.136381810524624e-06
161,0.9999916991901592,6.426885891185649e-06,1.8739239494655764e-06
162,0.9999934435090633,5.7138519078551515e-06,8.426390287565797e-07
163,0.999861425135269,0.00013585176868637804,2.72309604462673e-06
164,0.9993507110219457,0.0006437946247685205,5.4943532859488236e-06
165,0.9978131194564207,0.002158451762730124,2.8428780849103235e-05
166,0.9989799476824365,0.0009488945806375965,7.115773692604201e-05
167,0.9997449209891492,0.00021635407514794728,3.8724935702830347e-05
168,0.9998968815427723,9.75378632358564e-05,5.580593991800288e-06
169,0.9998508010694536,0.00012455377335394635,2.4645157192455147e-05
170,0.9997426169138219,0.0001886111208049638,6.877196537300468e-05
171,0.9999026337488556,5.659504880121614e-05,4.0771202343144566e-05
172,0.9995248358346185,0.0003030854987380256,0.00017207866664349083
173,0.9995700157236272,0.00040048870710151764,2.9495569271294114e-05
174,0.9999097342799117,8.218613908330118e-05,8.079581005230945e-06
175,0.9998426632817033,0.00014339642254904548,1.3940295747676209e-05
176,0.9998629670713203,0.00010532464016754206,3.170828851219671e-05
177,0.9999656956170112,1.4814583256482863e-05,1.948979973219618e-05
178,0.9999733181419,1.477850327178859e-05,1.1903354828052609e-05
179,0.9999745040904578,1.848999911453358e-05,7.005910427600336e-06
180,0.9999979894718671,1.379701669743239e-06,6.308264630940688e-07
181,0.999988227223621,9.98008346791167e-06,1.7926929111555506e-06
182,0.9998593794924124,0.00013114164463988751,9.478862947642895e-06
183,0.9998612966011441,0.00012972653488919808,8.976863966493628e-06
184,0.9998042102936608,0.00018162030937433245,1.4169396964937483e-05
185,0.9999151468039124,7.400237779711853e-05,1.0850818290557299e-05
186,0.9998746172355188,0.00011564993397044763,9.732830510550191e-06
187,0.9995248888765631,0.00046153030256475025,1.3580820872049468e-05
188,0.9990353232718135,0.000921481874815451,4.319485337116473e-05
189,0.9983150733973587,0.0015137485619064095,0.0001711780407346777
190,0.9993004933230888,0.0005966358602528143,0.00010287081665837883
191,0.9998130992908745,0.0001580656436763699,2.883506544907762e-05
192,0.9999808466773502,1.747725792881466e-05,1.6760647209836222e-06
193,0.9999794504753997,1.8163509359119948e-05,2.3860152414423518e-06
194,0.9999840237113294,1.3322184815219708e-05,2.6541038552391685e-06
195,0.9999898384439184,9.066098908784741e-06,1.0954571728990787e-06
196,0.9999199029723499,7.413295335147261e-05,5.964074298697259e-06
197,0.999854588639451,0.0001365276670402059,8.883693508970018e-06
198,0.9994955511021638,0.0004746496114618839,2.97992863742944e-05
199,0.9997568537873759,0.00023068482483783957,1.2461387786110282e-05
200,0.9994592920607399,0.0005129760943429405,2.7731844916878076e-05
201,0.999600860822085,0.0003910916588909432,8.047519024077226e-06
202,0.9991734357362595,0.0008165483884638202,1.0015875276487048e-05
203,0.9998945941956995,0.00010250199334109979,2.9038109592883017e-06
204,0.9999390936274631,5.933155999941847e-05,1.5748125375144774e-06
205,0.9999585034175452,4.022844889784362e-05,1.2681335571345523e-06
206,0.9999700343956529,2.934607787242232e-05,6.195264746743739e-07
207,0.9999800947698245,1.9182317445225875e-05,7.229127304713111e-07
208,0.9999609628420048,3.690852440266616e-05,2.128633592773624e-06
209,0.9995965772062733,0.00039699896292180145,6.423830804834222e-06
210,0.9995660934867219,0.0004279972146210502,5.909298656837081e-06
211,0.9990307584723571,0.0009530491298126916,1.6192397830378626e-05
212,0.9992002469642173,0.0007912751840542088,8.477851728515142e-06
213,0.9998272327071692,0.000168307666252591,4.45962657826526e-06
214,0.9999680586039827,3.14393692531314e-05,5.020267639266401e-07
215,0.9999458608997013,5.262240869521909e-05,1.5166916033042195e-06
216,0.9999509956811439,4.8322885379710955e-05,6.814334763588619e-07
217,0.9999658248014412,3.1495316971566564e-05,2.679881587076713e-06
218,0.9999525050597722,4.4535465670837794e-05,2.959474556932341e-06
219,0.9999468935153543,4.864137864953445e-05,4.465105996331024e-06
220,0.999962037206127,3.569079745085316e-05,2.2719964220565504e-06
221,0.9999441119615837,5.458516427712326e-05,1.302874139236791e-06
222,0.9999773008784065,2.0373659164342195e-05,2.3254624292346095e-06
223,0.9999899069079934,7.886477702369198e-06,2.206614304195949e-06
224,0.999993825055794,5.2593435300194165e-06,9.156006759148567e-07
225,0.9999803017967044,1.8744902448695042e-05,9.533008469081405e-07
226,0.9999523889864375,4.675643793393256e-05,8.54575628591464e-07
227,0.9997889064803124,0.00020578321463883036,5.310305048629798e-06
228,0.9995357542656668,0.00045230728733186196,1.1938447001353358e-05
229,0.9995420467214233,0.0004294935455811068,2.845973299553583e-05
230,0.9998187328834889,0.00016814201324930788,1.3125103262086176e-05
231,0.9998502097415537,0.000143811355395511,5.978903050914192e-06
232,0.9999310037664177,6.600413716072637e-05,2.9920964213559827e-06
233,0.9998564586777675,0.00013275715637378854,1.0784165858594239e-05
234,0.9998717440217332,0.00012105249800733949,7.203480259483535e-06
235,0.9311145003944215,0.061706229241259715,0.00717927036431836
236,0.9154840687264135,0.07320042734132876,0.011315503932257553
237,0.9145150868087075,0.07434226867534818,0.011142644515944431
238,0.9483607963424031,0.04341671501932752,0.008222488638269325
239,0.9295793859160443,0.042999825483784344,0.02742078860017157
240,0.9994095485141612,0.00035171401728152467,0.00023873746855730866
241,0.9993586858911144,0.0006162686973179203,2.50454115677751e-05
242,0.9998662050376816,0.00013133697013906128,2.4579921790999182e-06
243,0.9988342476695503,0.0010790746222363947,8.667770821325564e-05
244,0.9210670651321745,0.05772256533080575,0.02121036953701992
245,0.9369231002871637,0.051606997370488995,0.011469902342347118
246,0.9642512643212164,0.02957836633474924,0.006170369344034337
247,0.9684309445463508,0.025578368269742476,0.005990687183906953
248,0.9847566905025786,0.012354811296845118,0.002888498200576215
249,0.9998995428044534,8.254032208703272e-05,1.791687345949504e-05
250,0.9999493659977382,4.136038317365549e-05,9.273619088167618e-06
251,0.9999430423561257,4.688902961668932e-05,1.0068614257625425e-05
252,0.9999075294096648,7.63639812242671e-05,1.6106609110869715e-05
253,0.9998302456106111,0.00014542909904089553,2.4325290347968922e-05
254,0.9998614759073845,0.0001207278727504814,1.7796219865137602e-05
255,0.999912731364817,7.073214891841249e-05,1.6536486264595873e-05
256,0.9992001150525296,0.0006936537508393191,0.00010623119663088206
257,0.9990156207895649,0.0008263554315387191,0.00015802377889642598
258,0.9995379977946536,0.00038021740732575263,8.178479802073279e-05
259,0.9995548947171513,0.00037965302465819495,6.545225819067316e-05
260,0.9970792716006702,0.0024792392170353674,0.0004414891822943838
261,0.9980386392193666,0.0015904773244682304,0.0003708834561653902
262,0.9985300075448139,0.0012262044483450074,0.00024378800684097821
263,0.996448859264937,0.0029190133533387235,0.000632127381724446
264,0.9983958663358178,0.0012405070710077915,0.0003636265931743011
265,0.9972702027488033,0.0023043696365206983,0.0004254276146759254
266,0.9961498878614666,0.0036358206944868453,0.00021429144404643444
267,0.9933096356866522,0.00642979592305909,0.0002605683902887972
268,0.9964879586826275,0.0033341291738053953,0.00017791214356705913
269,0.9950354627073782,0.0046910913458515545,0.00027344594677025435
270,0.986253182601884,0.012957775573131563,0.0007890418249843382
271,0.9723178103736366,0.024782797960032008,0.002899391666331268
272,0.9856152851021036,0.013234422968725111,0.0011502919291712039
273,0.9922938042539186,0.007176268827205275,0.0005299269188761194
274,0.9940740647881657,0.0053232806891747655,0.0006026545226596464
275,0.9990708144196053,0.0008420644995775617,8.71210808170051e-05
276,0.9987671195429763,0.001165651418229895,6.722903879393783e-05
277,0.9992906354060423,0.0006560245755741369,5.334001838354628e-05
278,0.9976596106923059,0.002163637002499572,0.00017675230519450415
279,0.998312941149214,0.0015564866283282132,0.0001305722224579057
280,0.9987653270242584,0.0011464125285987575,8.826044714298698e-05
281,0.99994002364829,5.468297407070345e-05,5.293377639113414e-06
282,0.9998554908437174,0.00012592854024116935,1.8580616041598625e-05
283,0.9999670922151853,2.7192704283675314e-05,5.71508053102913e-06
284,0.9999878278868843,9.665509718573449e-06,2.5066033969303085e-06
285,0.9999828379176523,1.3994032852756463e-05,3.168049494871283e-06
286,0.9999448826684375,5.0235126303522995e-05,4.8822052591740205e-06
287,0.9998335162350719,0.00015907567691557698,7.408088012555533e-06
288,0.9997391186926371,0.0002522202885969615,8.661018765955578e-06
289,0.9947648579589504,0.005061440920322568,0.00017370112072696224
290,0.9899771184394718,0.009782338021165541,0.00024054353936261747
291,0.972932721937976,0.026357444929293605,0.0007098331327305012
292,0.9605384709917537,0.03819969280788839,0.0012618362003580276
293,0.9649541288263356,0.03346311793625417,0.0015827532374101728
294,0.9782066998174458,0.020208667553993823,0.0015846326285603035
295,0.9895200297068615,0.009763647309187664,0.0007163229839509528
296,0.972187796365889,0.02616191307200166,0.0016502905621091734
297,0.9973147605351743,0.002380229178399107,0.00030501028642671946
298,0.9982834789043752,0.0015016813853923033,0.00021483971023257957
299,0.9991458487866088,0.0007639920512115346,9.015916217959171e-05
300,0.9949542182183081,0.004769973346517818,0.0002758084351740164
301,0.9869725276345557,0.012107630842537579,0.0009198415229066208
302,0.9699868505421049,0.027254199399406872,0.002758950058488207
303,0.9920963989778672,0.005822774164319807,0.0020808268578128963
304,0.9991011626148689,0.0006547186468257058,0.00024411873830527687
305,0.9999800899445049,1.786236058331968e-05,2.047694911846231e-06
306,0.999963899155511,3.347767370671942e-05,2.6231707822011113e-06
307,0.9999001292246112,9.211101020896497e-05,7.759765179860596e-06
308,0.9999495043890719,3.995616754691478e-05,1.053944338117972e-05
309,0.9997385724398684,0.00018774952980281785,7.367803032859934e-05
310,0.999722767183655,0.00021615557333138862,6.10772430137909e-05
311,0.9997463171287525,4.998294341256578e-05,0.00020369992783492456
312,0.9999808841634625,1.6125838497882752e-05,2.989998039522514e-06
313,0.9999946677438274,4.861403023424859e-06,4.7085314918060765e-07
314,0.9999934000709557,6.36602004460025e-06,2.3390899970412968e-07
315,0.9999496144225278,4.942817361865967e-05,9.574038536171006e-07
316,0.9999038163926585,9.465257322885323e-05,1.5310341127087562e-06
317,0.9998467412825207,0.00014211305770757754,1.1145659771839886e-05
318,0.9998212752902579,0.00017209743133597235,6.627278406082004e-06
319,0.9998130359073094,0.00018018190759164454,6.7821850991098215e-06
320,0.999817805142326,0.00017588106432669655,6.313793347328545e-06
321,0.9998645659801968,0.0001318253919255331,3.608627877407033e-06
322,0.9999512132620071,4.7391573230705064e-05,1.3951647622534724e-06
323,0.9998278475480206,0.00016951698872809645,2.63546325150017e-06
324,0.99979702779808,0.00019601107303851505,6.961128881577596e-06
325,0.9995582244173394,0.00041968147578825855,2.209410687242632e-05
326,0.9987983560340967,0.0011530789494809519,4.8565016422412346e-05
327,0.9945131436303785,0.005308614984858154,0.00017824138476324794
328,0.9868056024129642,0.013017398126133608,0.00017699946090211878
329,0.9950769334968139,0.004896146851061013,2.6919652125126178e-05
330,0.9976155625530385,0.002289784357570495,9.465308939087067e-05
331,0.9989406120609263,0.001045095778540417,1.4292160533192596e-05
332,0.9995050964668565,0.0004667196803576903,2.8183852785633252e-05
333,0.9839466185577084,0.015455982163857386,0.0005973992784342399
334,0.9917417134709916,0.007965251841833094,0.00029303468717528587
335,0.9963565018645881,0.0034589593642907254,0.0001845387711209792
336,0.9940231631879685,0.005718643583743324,0.0002581932282883257
337,0.9915123645604397,0.008223883238697343,0.0002637522008630726
338,0.999928998398936,6.898514490287177e-05,2.016456161161307e-06
339,0.5994281598451184,0.38619620395314674,0.014375636201735001
340,0.5204957484590834,0.4596163237921061,0.019887927748810336
341,0.36223876397515536,0.620615483426131,0.017145752598713572
342,0.3323155938062917,0.6505194259158945,0.017164980277813838
343,0.17436748837031016,0.8039746167964096,0.02165789483328012
344,0.2646992429314139,0.7220903451662913,0.013210411902295027
345,0.3839474704752095,0.6048292548226952,0.011223274702094856
346,0.9468952459780429,0.05262484091033906,0.0004799131116179147
347,0.4319129779969227,0.5537142897562966,0.01437273224678079
348,0.4155574249116321,0.5748266195691244,0.009615955519243493
349,0.2578920165492584,0.7011025884352198,0.04100539501552157
350,0.2556841953414567,0.7033546097470659,0.0409611949114773
351,0.27383033472804097,0.6821238227844701,0.0440458424874888
352,0.2716568247464365,0.6847429368082839,0.04360023844527967
353,0.28393896367370197,0.6712581959868151,0.04480284033948281
354,0.26864652554090135,0.6879254905671512,0.043427983891947526
355,0.28281430728116036,0.6723627202030247,0.044822972515814984
356,0.2814936389505184,0.6736717677509197,0.04483459329856206
357,0.2812066126998748,0.6741501150852355,0.044643272214889604
358,0.27801110490617226,0.6776005343324556,0.04438836076137217
359,0.28300602456575996,0.6722873359471848,0.044706639487055284
360,0.27282522180102153,0.683115941399188,0.04405883679979059
361,0.27221036618885824,0.6833438506710655,0.044445783140076196
362,0.27834627061133915,0.6764118489500172,0.0452418804386437
363,0.3536329680570219,0.61773638074143,0.02863065120154824
364,0.9991787201132544,0.000791581531658105,2.9698355087209483e-05
365,0.9991162516642224,0.0008370366831470979,4.671165263066762e-05
366,0.9872854897567178,0.011888613489067456,0.0008258967542146529
367,0.855456046009569,0.1412900981869676,0.0032538558034634706
368,0.27774786307942706,0.7127326090015681,0.009519527919004834
369,0.09122423412629825,0.8959363089993432,0.012839456874358739
370,0.11313146833306637,0.8560423481202236,0.030826183546709775
371,0.08780664526150504,0.8779154905104455,0.034277864228049404
372,0.10124671239988473,0.8661129814326075,0.0326403061675077
373,0.12448854149573058,0.8446919192453555,0.030819539258913845
374,0.0984982796994912,0.8715017725755451,0.029999947724963987
375,0.07499233066643389,0.8983072609497753,0.02670040838379066
376,0.09558069387737313,0.8769071705948369,0.02751213552778993
377,0.0900675407281492,0.8809921214006698,0.02894033787118105
378,0.06574222685375605,0.910424454982374,0.02383331816387008
379,0.14544253806685833,0.8188637159153747,0.03569374601776727
380,0.11078030977563552,0.8659079754082768,0.023311714816087372
381,0.0781870229090531,0.8907007182384025,0.03111225885254442
382,0.15573258867430612,0.8046184889821958,0.03964892234349811
383,0.20339844203144067,0.7576324014576901,0.03896915651086948
384,0.18298415780700475,0.7727951847332155,0.04422065745977975
385,0.25211466685936657,0.7013112072112991,0.04657412592933442
386,0.2566872507596047,0.6993156890398035,0.04399706020059168
387,0.2411307387286322,0.7138245841644202,0.0450446771069478
388,0.19937268256833554,0.7571807192026732,0.043446598228991336
389,0.18909202332207042,0.7707959182681211,0.04011205840980844
390,0.07934796952456064,0.9043094708219042,0.01634255965353542
391,0.043366990943116634,0.9357326767567605,0.02090033230012294
392,0.015541800992401648,0.9208947957693598,0.06356340323823842
393,0.06205032458484835,0.8921832499610375,0.0457664254541144
394,0.4467059513422062,0.46595743849933163,0.0873366101584622
395,0.9984332059217166,0.0013098252139367647,0.0002569688643465387
396,0.9866793339335366,0.010902503021262597,0.002418163045200748
397,0.8573595263291761,0.14058083784252792,0.002059635828296072
398,0.15679358962318626,0.8128676678563306,0.030338742520483138
399,0.08039791800924304,0.88342557533698,0.036176506653776946
400,0.04432798268630484,0.9237875678748281,0.031884449438867056
401,0.24015676737478128,0.7195107221227546,0.04033251050246387
402,0.2438180398013997,0.716194400517468,0.03998755968113243
403,0.23460223583676107,0.726303685488544,0.03909407867469469
404,0.232893130557558,0.7294463314823522,0.03766053796008988
405,0.22884151531997374,0.7337787788999126,0.03737970578011367
406,0.03198707915335299,0.9444389294102735,0.023573991436373308
407,0.030748497986703063,0.9499245980205359,0.01932690399276121
408,0.05418789127549469,0.9209918339818106,0.02482027474269481
409,0.058339542459616874,0.923545472384869,0.01811498515551447
410,0.08307499394421022,0.8845613312604002,0.03236367479538969
411,0.1345163697822202,0.8323933925557976,0.03309023766198239
412,0.2842128590587024,0.6709531892117022,0.044833951729595464
413,0.2842128589042372,0.6709531893847177,0.04483395171104507
414,0.28421285845449595,0.6709531898990253,0.04483395164647868
415,0.28421285742307245,0.6709531910997357,0.04483395147719193
416,0.28421285281285485,0.6709531964956147,0.04483395069153024
417,0.06250267622397375,0.9102984027693621,0.027198921006664215
418,0.03202741724910236,0.954339268647845,0.013633314103052553
419,0.09771452425748688,0.8706209259165857,0.03166454982592742
420,0.09201849914110932,0.8751601423489378,0.03282135850995284
421,0.27836038835747934,0.6775840261297225,0.04405558551279818
422,0.277029449988225,0.6791006511888659,0.04386989882290888
423,0.27406660461108584,0.6823476513149362,0.04358574407397796
424,0.2616579443104524,0.6963068805054762,0.042035175184071516
425,0.2687493754503627,0.6881324810922057,0.04311814345743174
426,0.03291177397433149,0.9365413216508167,0.03054690437485182
427,0.021558602214315322,0.8850778339961481,0.0933635637895364
428,0.022415110125426362,0.8328814239882838,0.1447034658862899
429,0.03725481593141164,0.9433842573903647,0.019360926678223655
430,0.09801042885631782,0.8754650716378035,0.026524499505878815
431,0.263902331355513,0.69409859483992,0.04199907380456731
432,0.2820256309885962,0.6734209195191231,0.04455344949228069
433,0.284212856948835,0.6709531916516448,0.04483395139952033
434,0.28421285957456344,0.6709531886178839,0.04483395180755255
435,0.28421285377776445,0.6709531953164363,0.04483395090579937
436,0.28421282940819537,0.6709532234653885,0.04483394712641616
437,0.2842123704695874,0.6709537539453477,0.04483387558506496
438,0.11457952455203593,0.8496139691967276,0.03580650625123632
439,0.05959665157206339,0.927510433788714,0.012892914639222248
440,0.03829317956924479,0.9588423542173383,0.0028644662134168644
441,0.06701883757923699,0.9317409069692323,0.001240255451530703
442,0.42630442080090053,0.5714633071893898,0.0022322720097095756
443,0.8982819212787494,0.10051119593759454,0.0012068827836560212
444,0.9989119322553064,0.001070948098971228,1.7119645722237463e-05
445,0.9967327861430939,0.0032054441326621595,6.1769724243954e-05
446,0.698766409385496,0.29617057758354415,0.005063013030959719
447,0.15714413516297301,0.782682798505466,0.06017306633156096
448,0.05496244437007215,0.8599623122330042,0.0850752433969237
449,0.0858624361521096,0.8611125008372731,0.05302506301061728
450,0.08844252115303683,0.8826496798295558,0.028907799017407428
451,0.06972061840894264,0.9085861474080904,0.021693234182966915
452,0.1341366045671839,0.829857510057198,0.03600588537561785
453,0.16566009848132673,0.7985464473611082,0.035793454157565
454,0.12935889368094494,0.8324599894798281,0.03818111683922697
455,0.12153440848511361,0.8418920819675089,0.036573509547377654
456,0.1222668953345897,0.8357470311738043,0.04198607349160579
457,0.20698937803764444,0.7565862026475827,0.03642441931477282
458,0.15524467971626876,0.8060731851984122,0.03868213508531904
459,0.20487476711667635,0.7503369542332803,0.04478827865004335
460,0.19070128629767946,0.7638209279696709,0.04547778573264959
461,0.19439957918279913,0.7645532197471797,0.0410472010700213
462,0.05324610878279073,0.9277840013034412,0.018969889913768242
463,0.06978482699591576,0.9047491877458206,0.025465985258263626
464,0.24549469240600177,0.7152543012963849,0.03925100629761319
465,0.2726023015643627,0.6842401146417781,0.043157583793859186
466,0.27493622603184864,0.6811014339055895,0.04396234006256182
467,0.2754956333223494,0.6806464933844267,0.043857873293224076
468,0.27409426305779566,0.682356354142242,0.04354938279996218
469,0.19724351328310713,0.7676327799083773,0.035123706808515814
470,0.10982015916974676,0.8679591094142374,0.022220731416015795
471,0.11593166489930726,0.8559049083274254,0.028163426773267514
472,0.2840886156637899,0.6710972214140285,0.04481416292218168
473,0.28421275555285147,0.6709533072300906,0.044833937217057696
474,0.28421286009583424,0.6709531880155837,0.04483395188858204
475,0.2842128600959926,0.670953188015401,0.04483395188860629
476,0.2842128600959926,0.670953188015401,0.04483395188860629
477,0.28421286009598545,0.6709531880154092,0.0448339518886052
478,0.28421286009540586,0.6709531880160791,0.044833951888515106
479,0.2842111672535148,0.6709550657153233,0.044833767031161806
480,0.283853569878109,0.671338557123935,0.044807872997955925
481,0.28374284001249656,0.671475402233149,0.0447817577543542
482,0.2580502146723514,0.6965669235732,0.04538286175444852
483,0.2275482221944048,0.7203832490249372,0.05206852878065781
484,0.2623343148293976,0.6823115795414911,0.055354105629111264
485,0.14299749374465043,0.6860091760424445,0.17099333021290503
486,0.25117393654649117,0.6659421120747323,0.08288395137877673
487,0.2538776411304525,0.6567226247134229,0.0893997341561244
488,0.24200487650659955,0.6697362631723871,0.0882588603210135
489,0.17937826162347115,0.6962112220511187,0.12441051632541021
490,0.23323677511731417,0.6795515183320031,0.08721170655068247
491,0.1620952688382607,0.6002482899042375,0.23765644125750196
492,0.12420506364243737,0.481229237851192,0.3945656985063705
493,0.12561965998085828,0.4720837537770009,0.40229658624214065
494,0.21199699230614336,0.5487438659569717,0.23925914173688492
495,0.21784197466984023,0.2116039367603574,0.5705540885698022
496,0.9978999335701947,0.0005499609656674176,0.0015501054641377983
497,0.999754840168066,0.00017650174988055074,6.865808205324635e-05
498,0.9999288825794374,6.942995912850869e-05,1.6874614344032777e-06
499,0.9999225864738255,6.949706835415251e-05,7.916457820441397e-06
500,0.9920824243951423,0.006690557393233654,0.0012270182116239025
501,0.8434745171362908,0.14996850183782973,0.006556981025879475
502,0.1785507379147022,0.7876431633345895,0.033806098750708106
503,0.17547020929527057,0.7672428207852177,0.05728696991951193
504,0.07187801874967775,0.8910470634762235,0.03707491777409856
505,0.09044189409130371,0.8827633571174043,0.026794748791292105
506,0.20898345451272954,0.7523565468891452,0.03865999859812518
507,0.19809371666886627,0.7642639822717365,0.03764230105939732
508,0.21460223715836396,0.7396925367803692,0.04570522606126683
509,0.21558583476700183,0.7419008751550399,0.042513290077958295
510,0.2345241947224182,0.7238450005040885,0.04163080477349335
511,0.2807928022573905,0.6748912270915266,0.04431597065108289
512,0.2837763928458639,0.6714564666437763,0.044767140510359626
513,0.28362148018596656,0.6716253283280641,0.044753191485969304
514,0.2834783083770195,0.6718005244855187,0.04472116713746173
515,0.28297038929895424,0.6724031505767499,0.044626460124295754
516,0.20339321900316126,0.7608360739878758,0.035770707008963044
517,0.08685008517599004,0.8947096240102748,0.018440290813735077
518,0.1621576592517315,0.8208365778021156,0.01700576294615278
519,0.60474870838871,0.39128720765749214,0.003964083953797879
520,0.99382984508339,0.006016733260023547,0.00015342165658662062
521,0.9999775496711322,2.0540254167310804e-05,1.910074700431335e-06
522,0.9999866231330936,1.2908630659743936e-05,4.6823624657510986e-07
523,0.9999970239087829,2.629841171158092e-06,3.462500460693102e-07
524,0.9999990860385481,7.736503992770622e-07,1.4031105270823233e-07
525,0.9999978202322376,2.0705719137874588e-06,1.0919584842528633e-07
526,0.9999894873577508,1.0005120401955717e-05,5.075218472713609e-07
527,0.9999500635483759,4.8505030035598714e-05,1.4314215882814239e-06
528,0.9999889034704668,1.0622976045090284e-05,4.7355348824740377e-07
529,0.9999959952214059,3.7305037800150626e-06,2.7427481407941577e-07
530,0.9999909346669766,8.434428652916213e-06,6.309043706322003e-07
531,0.9998939087596869,9.592498893800288e-05,1.0166251374975242e-05
532,0.9998954063855844,8.340221838448024e-05,2.1191396031260124e-05
533,0.9997306701438124,4.834956126323959e-05,0.00022098029492431383
534,0.9996057248159566,0.0002494739249299282,0.0001448012591135578
535,0.9998270388870883,0.00014758125650403764,2.537985640766173e-05
536,0.9998843126634629,0.00010057594068102299,1.5111395856005862e-05
537,0.9998853232817184,0.00010171171967977666,1.2964998601658041e-05
538,0.9994722558579503,0.0004426531102021154,8.509103184747625e-05
539,0.9998191531105224,0.00015497051466006458,2.5876374817553996e-05
540,0.9998870741222003,7.554257467691657e-05,3.7383303122588334e-05
541,0.9995652757757703,0.0003886085299925682,4.611569423715988e-05
542,0.9990085072766582,0.0009630132461401455,2.8479477201449874e-05
543,0.9995385936155314,0.0004428758052229816,1.8530579245545742e-05
544,0.9984644836283068,0.0014888849435405868,4.663142815269773e-05
545,0.9990337011742013,0.000936223647208402,3.007517859030971e-05
546,0.9995130130803953,0.0004545734126051185,3.241350699962181e-05
547,0.9993868213569571,0.0005678776454619346,4.530099758121106e-05
548,0.999607682213998,0.00031558376554902714,7.673402045289447e-05
549,0.9999822071145597,1.2964357563038287e-05,4.828527877246236e-06
550,0.9999805678237386,1.4998248298387492e-05,4.433927962977619e-06
551,0.999956251794984,3.9132984573159225e-05,4.615220442849941e-06
552,0.9999617159408041,3.7080729236809505e-05,1.2033299591879036e-06
553,0.9999518027416868,4.743965827638874e-05,7.576000369415053e-07
554,0.9998826034458658,0.00011291350745982725,4.483046674162008e-06
555,0.9998673588885633,0.0001200947595562682,1.254635188030412e-05
556,0.9998751881875317,0.00010901275648391397,1.579905598435433e-05
557,0.999974656107685,2.112330684661518e-05,4.2205854683489285e-06
558,0.9999466011515119,4.570138697217607e-05,7.69746151600513e-06
559,0.999887679988588,9.85494087645915e-05,1.377060264738172e-05
560,0.9997874832247068,0.000167619540377712,4.489723491541204e-05
561,0.9978530384401939,0.001985327415850793,0.0001616341439552046
562,0.9973066530362881,0.002598653462311721,9.469350140030049e-05
563,0.9992990658373366,0.0005974435557060802,0.00010349060695730093
564,0.9995145960292808,0.00040208409999569535,8.331987072351386e-05
565,0.9998146934270448,0.0001624918091562012,2.2814763798993676e-05
566,0.9999914999742737,6.811584141662813e-06,1.6884415843632048e-06
567,0.9999729547731634,2.4951082964554686e-05,2.0941438718337214e-06
568,0.9999794481709643,1.876571107237803e-05,1.7861179633307166e-06
569,0.9998254187621594,0.00016459964293124622,9.981594909491083e-06
570,0.9997587039374608,0.00020863033520038035,3.26657273388938e-05
571,0.9996318731888505,0.00030345648208229803,6.467032906722055e-05
572,0.9995376884359642,0.00040885851941118134,5.3453044624649175e-05
573,0.9992885783365396,0.0002469258171252631,0.00046449584633509965
574,0.9994730669992514,0.00016441649559887703,0.00036251650514970127
575,0.9994324759951027,0.0004748959655832097,9.262803931393447e-05
576,0.9998967526838339,7.228764194619724e-05,3.095967422008227e-05
577,0.9999493385145116,3.321716201871299e-05,1.744432346972994e-05
578,0.9999658097747735,2.93347929831087e-05,4.855432243426143e-06
579,0.9999896620150678,8.168751446105133e-06,2.1692334861272295e-06
580,0.9999928623886001,5.741532066999435e-06,1.3960793330925692e-06
581,0.9999672984561954,2.8477289909386176e-05,4.2242538951088654e-06
582,0.9999418085755505,5.37885808176716e-05,4.402843631690252e-06
583,0.9997913787839713,0.00019096875964683298,1.7652456381863114e-05
584,0.9996603798291224,0.00030760457350379573,3.2015597374055e-05
585,0.999506028278103,0.0004348385384786849,5.9133183418339725e-05
586,0.9999088934165824,8.634104255292835e-05,4.765540864748893e-06
587,0.9999738347779416,2.250404800185671e-05,3.661174056796027e-06
588,0.9999774748042559,1.735606235484508e-05,5.169133389325454e-06
589,0.9999862581231318,9.047989690696974e-06,4.693887177592896e-06
590,0.9999894925493427,8.235127726898927e-06,2.2723229305097463e-06
591,0.9999308845903035,6.616671490817002e-05,2.9486947883987433e-06
592,0.9997087720597049,0.0002747705089594465,1.6457431335672805e-05
593,0.9997543958516957,0.00021591680179149526,2.9687346512727636e-05
594,0.9999575844453943,2.7989847880578992e-05,1.4425706725080363e-05
595,0.9999339127861304,6.097011456109904e-05,5.117099308435803e-06
596,0.9998305954253885,0.00016692198523710845,2.4825893745145903e-06
597,0.9999856284515889,1.1961137008106906e-05,2.410411403116288e-06
598,0.9999749285468312,1.9665906219335283e-05,5.405546949589842e-06
599,0.9999746603007131,2.2556579367903102e-05,2.783119918950468e-06
600,0.999980452928787,3.492580987003228e-06,1.6054490225801467e-05
601,0.9999939830842716,3.0771146173409415e-06,2.939801111334732e-06
602,0.9999849041369123,1.415298068021442e-05,9.428824073876233e-07
603,0.9999866124030489,1.1872635908906752e-05,1.514961042330237e-06
604,0.9999960622412544,2.232464452359897e-06,1.7052942931264433e-06
605,0.9994233615089726,0.00034897737247556975,0.00022766111855170793
606,0.9996275056068671,0.00030894957570718574,6.354481742557223e-05
